0.000000000000000000e+00 -5.999999999999999778e-01
0.000000000000000000e+00 -4.499999999999999556e-01
0.000000000000000000e+00 -2.999999999999999889e-01
0.000000000000000000e+00 -1.500000000000000222e-01
0.000000000000000000e+00 0.000000000000000000e+00
0.000000000000000000e+00 1.500000000000000222e-01
0.000000000000000000e+00 2.999999999999999334e-01
0.000000000000000000e+00 4.500000000000000666e-01
0.000000000000000000e+00 5.999999999999999778e-01
7.499999999999999722e-02 -5.999999999999999778e-01
7.499999999999999722e-02 -4.499999999999999556e-01
7.499999999999999722e-02 -2.999999999999999889e-01
7.499999999999999722e-02 -1.500000000000000222e-01
7.499999999999999722e-02 0.000000000000000000e+00
7.499999999999999722e-02 1.500000000000000222e-01
7.499999999999999722e-02 2.999999999999999334e-01
7.499999999999999722e-02 4.500000000000000666e-01
7.499999999999999722e-02 5.999999999999999778e-01
1.499999999999999944e-01 -5.999999999999999778e-01
1.499999999999999944e-01 -4.499999999999999556e-01
1.499999999999999944e-01 -2.999999999999999889e-01
1.499999999999999944e-01 -1.500000000000000222e-01
1.499999999999999944e-01 0.000000000000000000e+00
1.499999999999999944e-01 1.500000000000000222e-01
1.499999999999999944e-01 2.999999999999999334e-01
1.499999999999999944e-01 4.500000000000000666e-01
1.499999999999999944e-01 5.999999999999999778e-01
2.249999999999999778e-01 -5.999999999999999778e-01
2.249999999999999778e-01 -4.499999999999999556e-01
2.249999999999999778e-01 -2.999999999999999889e-01
2.249999999999999778e-01 -1.500000000000000222e-01
2.249999999999999778e-01 0.000000000000000000e+00
2.249999999999999778e-01 1.500000000000000222e-01
2.249999999999999778e-01 2.999999999999999334e-01
2.249999999999999778e-01 4.500000000000000666e-01
2.249999999999999778e-01 5.999999999999999778e-01
2.999999999999999889e-01 -5.999999999999999778e-01
2.999999999999999889e-01 -4.499999999999999556e-01
2.999999999999999889e-01 -2.999999999999999889e-01
2.999999999999999889e-01 -1.500000000000000222e-01
2.999999999999999889e-01 0.000000000000000000e+00
2.999999999999999889e-01 1.500000000000000222e-01
2.999999999999999889e-01 2.999999999999999334e-01
2.999999999999999889e-01 4.500000000000000666e-01
2.999999999999999889e-01 5.999999999999999778e-01
3.750000000000000000e-01 -5.999999999999999778e-01
3.750000000000000000e-01 -4.499999999999999556e-01
3.750000000000000000e-01 -2.999999999999999889e-01
3.750000000000000000e-01 -1.500000000000000222e-01
3.750000000000000000e-01 0.000000000000000000e+00
3.750000000000000000e-01 1.500000000000000222e-01
3.750000000000000000e-01 2.999999999999999334e-01
3.750000000000000000e-01 4.500000000000000666e-01
3.750000000000000000e-01 5.999999999999999778e-01
4.499999999999999556e-01 -5.999999999999999778e-01
4.499999999999999556e-01 -4.499999999999999556e-01
4.499999999999999556e-01 -2.999999999999999889e-01
4.499999999999999556e-01 -1.500000000000000222e-01
4.499999999999999556e-01 0.000000000000000000e+00
4.499999999999999556e-01 1.500000000000000222e-01
4.499999999999999556e-01 2.999999999999999334e-01
4.499999999999999556e-01 4.500000000000000666e-01
4.499999999999999556e-01 5.999999999999999778e-01
5.250000000000000222e-01 -5.999999999999999778e-01
5.250000000000000222e-01 -4.499999999999999556e-01
5.250000000000000222e-01 -2.999999999999999889e-01
5.250000000000000222e-01 -1.500000000000000222e-01
5.250000000000000222e-01 0.000000000000000000e+00
5.250000000000000222e-01 1.500000000000000222e-01
5.250000000000000222e-01 2.999999999999999334e-01
5.250000000000000222e-01 4.500000000000000666e-01
5.250000000000000222e-01 5.999999999999999778e-01
5.999999999999999778e-01 -5.999999999999999778e-01
5.999999999999999778e-01 -4.499999999999999556e-01
5.999999999999999778e-01 -2.999999999999999889e-01
5.999999999999999778e-01 -1.500000000000000222e-01
5.999999999999999778e-01 0.000000000000000000e+00
5.999999999999999778e-01 1.500000000000000222e-01
5.999999999999999778e-01 2.999999999999999334e-01
5.999999999999999778e-01 4.500000000000000666e-01
5.999999999999999778e-01 5.999999999999999778e-01
0.000000000000000000e+00 -1.000000000000000000e+00
0.000000000000000000e+00 -7.500000000000000000e-01
0.000000000000000000e+00 -5.000000000000000000e-01
0.000000000000000000e+00 -2.500000000000000000e-01
0.000000000000000000e+00 0.000000000000000000e+00
0.000000000000000000e+00 2.500000000000000000e-01
0.000000000000000000e+00 5.000000000000000000e-01
0.000000000000000000e+00 7.500000000000000000e-01
0.000000000000000000e+00 1.000000000000000000e+00
1.250000000000000000e-01 -1.000000000000000000e+00
1.250000000000000000e-01 -7.500000000000000000e-01
1.250000000000000000e-01 7.500000000000000000e-01
1.250000000000000000e-01 1.000000000000000000e+00
2.500000000000000000e-01 -1.000000000000000000e+00
2.500000000000000000e-01 -7.500000000000000000e-01
2.500000000000000000e-01 7.500000000000000000e-01
2.500000000000000000e-01 1.000000000000000000e+00
3.750000000000000000e-01 -1.000000000000000000e+00
3.750000000000000000e-01 -7.500000000000000000e-01
3.750000000000000000e-01 7.500000000000000000e-01
3.750000000000000000e-01 1.000000000000000000e+00
5.000000000000000000e-01 -1.000000000000000000e+00
5.000000000000000000e-01 -7.500000000000000000e-01
5.000000000000000000e-01 7.500000000000000000e-01
5.000000000000000000e-01 1.000000000000000000e+00
6.250000000000000000e-01 -1.000000000000000000e+00
6.250000000000000000e-01 -7.500000000000000000e-01
6.250000000000000000e-01 -5.000000000000000000e-01
6.250000000000000000e-01 -2.500000000000000000e-01
6.250000000000000000e-01 0.000000000000000000e+00
6.250000000000000000e-01 2.500000000000000000e-01
6.250000000000000000e-01 5.000000000000000000e-01
6.250000000000000000e-01 7.500000000000000000e-01
6.250000000000000000e-01 1.000000000000000000e+00
7.500000000000000000e-01 -1.000000000000000000e+00
7.500000000000000000e-01 -7.500000000000000000e-01
7.500000000000000000e-01 -5.000000000000000000e-01
7.500000000000000000e-01 -2.500000000000000000e-01
7.500000000000000000e-01 0.000000000000000000e+00
7.500000000000000000e-01 2.500000000000000000e-01
7.500000000000000000e-01 5.000000000000000000e-01
7.500000000000000000e-01 7.500000000000000000e-01
7.500000000000000000e-01 1.000000000000000000e+00
8.750000000000000000e-01 -1.000000000000000000e+00
8.750000000000000000e-01 -7.500000000000000000e-01
8.750000000000000000e-01 -5.000000000000000000e-01
8.750000000000000000e-01 -2.500000000000000000e-01
8.750000000000000000e-01 0.000000000000000000e+00
8.750000000000000000e-01 2.500000000000000000e-01
8.750000000000000000e-01 5.000000000000000000e-01
8.750000000000000000e-01 7.500000000000000000e-01
8.750000000000000000e-01 1.000000000000000000e+00
1.000000000000000000e+00 -1.000000000000000000e+00
1.000000000000000000e+00 -7.500000000000000000e-01
1.000000000000000000e+00 -5.000000000000000000e-01
1.000000000000000000e+00 -2.500000000000000000e-01
1.000000000000000000e+00 0.000000000000000000e+00
1.000000000000000000e+00 2.500000000000000000e-01
1.000000000000000000e+00 5.000000000000000000e-01
1.000000000000000000e+00 7.500000000000000000e-01
1.000000000000000000e+00 1.000000000000000000e+00
